0 0.948846 0.0494004 0.0906636 0.085357 0.813937
0 0.0720968 0.952426 0.037954 0.0348758 0.803773
0 0.0218544 0.578861 0.0438029 0.0431916 0.79753
0 0.0519187 0.752574 0.0580858 0.0562062 0.797196
0 0.101971 0.0553978 0.0721511 0.0671309 0.796533
0 0.273602 0.819888 0.0763928 0.0712825 0.792486
0 0.890905 0.020296 0.0442061 0.0408086 0.792127
0 0.33818 0.691935 0.0871413 0.0807074 0.787829
0 0.233771 0.117685 0.0846865 0.0789676 0.783633
0 0.798644 0.986195 0.038175 0.0292013 0.777571
0 0.877707 0.721794 0.0717039 0.0674607 0.775689
0 0.963808 0.776716 0.0438286 0.0415692 0.766044
0 0.976324 0.687092 0.038169 0.0338905 0.762445
0 0.21823 0.0417811 0.0813107 0.0785349 0.760761
0 0.0494661 0.366849 0.0713295 0.0677738 0.753045
0 0.110765 0.654494 0.0354208 0.0324143 0.750928
0 0.228621 0.971048 0.0872572 0.0640056 0.7507
0 0.760178 0.0377986 0.0399473 0.038194 0.750635
0 0.181679 0.583899 0.0497251 0.0462565 0.749614
0 0.253665 0.19857 0.0501903 0.0475463 0.746827
0 0.401544 0.5762 0.0507728 0.0480719 0.744367
0 0.0200952 0.313468 0.0400989 0.0390587 0.743331
0 0.793335 0.919673 0.0353925 0.0317558 0.741632
0 0.989572 0.452848 0.0214338 0.0319808 0.738338
0 0.671613 0.986182 0.0345315 0.0291402 0.738214
0 0.541579 0.0705606 0.0331361 0.0299159 0.735627
0 0.142108 0.608109 0.0398468 0.0375199 0.735604
0 0.413967 0.412318 0.0567222 0.0527869 0.732544
0 0.634176 0.797503 0.0557411 0.0526339 0.732298
0 0.954798 0.118546 0.0349436 0.0324373 0.730585
0 0.0748382 0.819119 0.0309668 0.0281504 0.729861
0 0.575592 0.77418 0.0593692 0.0554692 0.728883
0 0.0518824 0.473335 0.0392252 0.0354789 0.727691
0 0.271143 0.943111 0.0453269 0.0413247 0.726564
0 0.147706 0.108224 0.0809116 0.0743414 0.726355
0 0.848771 0.0884755 0.0389076 0.0355222 0.726028
0 0.857532 0.815313 0.0510544 0.0488545 0.724563
0 0.667037 0.350254 0.0694009 0.0682061 0.724251
0 0.726995 0.701294 0.0424178 0.0389571 0.72246
0 0.413394 0.689181 0.054853 0.0518457 0.72126
0 0.640252 0.116473 0.0365632 0.0338143 0.718327
0 0.708866 0.0433829 0.029417 0.0254818 0.716418
0 0.0231438 0.91006 0.0501783 0.054958 0.708615
0 0.89364 0.447017 0.0419424 0.0393002 0.707983
0 0.465288 0.923741 0.0359256 0.0327679 0.707643
0 0.694202 0.823349 0.0792679 0.0788846 0.707582
0 0.394178 0.235598 0.0389013 0.0356279 0.706556
0 0.416293 0.015891 0.0284578 0.0261221 0.706356
0 0.557425 0.936717 0.0406568 0.0376698 0.704736
0 0.471262 0.636114 0.0442383 0.0415941 0.704254
0 0.425474 0.204236 0.0523662 0.0488748 0.70105
0 0.984626 0.214922 0.0288932 0.0267018 0.700894
0 0.602514 0.372857 0.0542331 0.0525135 0.700838
0 0.0237116 0.658936 0.0524239 0.0510948 0.700675
0 0.953267 0.263285 0.0319407 0.0287796 0.700661
0 0.29093 0.902995 0.0371887 0.033131 0.70009
0 0.322576 0.946793 0.0308629 0.0271991 0.699087
0 0.529081 0.354199 0.0460293 0.0427573 0.696953
0 0.384537 0.858129 0.0315216 0.0286214 0.694122
0 0.48105 0.769993 0.03531 0.0320084 0.693585
0 0.951933 0.666258 0.0286872 0.0263466 0.692025
0 0.892057 0.241624 0.0332618 0.0309786 0.690682
0 0.611511 0.987616 0.026178 0.0231861 0.689752
0 0.735551 0.117529 0.0285614 0.0256119 0.687779
0 0.531137 0.293939 0.0481361 0.0451055 0.687709
0 0.861391 0.91848 0.0267706 0.0237328 0.685286
0 0.584795 0.721353 0.0443245 0.041988 0.683179
0 0.886773 0.272494 0.0285076 0.0262361 0.682818
0 0.982635 0.282234 0.0297196 0.0279541 0.681965
0 0.536611 0.164161 0.0304319 0.0272993 0.675707
0 0.578466 0.305418 0.0316006 0.0286298 0.674739
0 0.797769 0.441439 0.036129 0.033152 0.670664
0 0.396231 0.956791 0.0349996 0.0318705 0.670279
0 0.227532 0.950447 0.0351102 0.0310539 0.669875
0 0.44158 0.300041 0.0383124 0.035831 0.667332
0 0.958951 0.0723192 0.0310228 0.0289255 0.667181
0 0.1603 0.201792 0.0306107 0.0283596 0.66521
0 0.101134 0.164602 0.0329698 0.0300946 0.66473
0 0.0834313 0.710547 0.028326 0.0259912 0.663326
0 0.598096 0.850713 0.0356194 0.033156 0.663174
0 0.665088 0.722315 0.0457851 0.0432777 0.661223
0 0.513979 0.402385 0.0332316 0.0302376 0.661045
0 0.484074 0.58767 0.0338984 0.0312535 0.660665
0 0.289416 0.403345 0.0324003 0.0289857 0.660458
0 0.584559 0.161688 0.0319366 0.0290259 0.656109
0 0.395082 0.371933 0.0319276 0.0285134 0.653669
0 0.989739 0.0181087 0.021484 0.0373054 0.653049
0 0.324199 0.875423 0.0392622 0.0363507 0.651771
0 0.630273 0.507316 0.0343343 0.0315822 0.650568
0 0.0356438 0.291041 0.0271052 0.0254105 0.650152
0 0.42082 0.893492 0.035947 0.0337752 0.649298
0 0.656382 0.953596 0.0430236 0.0395669 0.649229
0 0.205536 0.48539 0.0313411 0.0284168 0.648492
0 0.537217 0.54031 0.0342951 0.0316656 0.648113
0 0.503498 0.119596 0.0438162 0.0400588 0.647221
0 0.122057 0.270628 0.0363011 0.0342165 0.646181
0 0.986909 0.250921 0.0269498 0.0317568 0.646084
0 0.0135457 0.0927513 0.0264225 0.025205 0.645245
0 0.535182 0.67528 0.0332115 0.0297024 0.643829
0 0.964668 0.400619 0.0414616 0.0380051 0.642747
0 0.581972 0.118584 0.02677 0.0240747 0.642244
0 0.482005 0.298264 0.0367334 0.0343778 0.641498
0 0.0378778 0.44112 0.0316477 0.0296279 0.641365
0 0.14424 0.993666 0.0317344 0.0115535 0.638731
0 0.143765 0.360696 0.0292628 0.0266677 0.637715
0 0.171477 0.273874 0.0306101 0.0282062 0.635297
0 0.626551 0.556522 0.0434381 0.0414162 0.63477
0 0.364834 0.840186 0.0299824 0.0270625 0.634486
0 0.571333 0.525918 0.03936 0.0356435 0.633432
0 0.518948 0.0858427 0.0282751 0.0254822 0.631275
0 0.466033 0.118264 0.0286259 0.0261061 0.631097
0 0.714209 0.733038 0.0330193 0.0298762 0.630911
0 0.374032 0.944223 0.0304397 0.0268983 0.628554
0 0.608218 0.134331 0.0281715 0.0251411 0.62706
0 0.752974 0.484977 0.0347648 0.0326933 0.623576
0 0.102217 0.407795 0.0273736 0.0251628 0.623563
0 0.205461 0.777204 0.0268017 0.024193 0.620459
0 0.335767 0.246455 0.0300437 0.0273224 0.620329
0 0.00930073 0.345216 0.0194064 0.0269055 0.615753
0 0.269164 0.634437 0.0264336 0.0235007 0.613882
0 0.237751 0.520946 0.0279861 0.0255131 0.610893
0 0.182793 0.00749247 0.0299581 0.0142298 0.60906
0 0.0811237 0.115528 0.0268626 0.0247932 0.608811
0 0.556091 0.381127 0.0291184 0.0259504 0.603443
0 0.536048 0.0119557 0.026805 0.0211969 0.599953
0 0.244512 0.342734 0.0308836 0.0287961 0.599731
0 0.148885 0.551786 0.0332029 0.0312154 0.597813
0 0.753224 0.666044 0.0265743 0.0248404 0.593981
0 0.258862 0.387966 0.0276348 0.0249979 0.593442
0 0.674392 0.48092 0.0318863 0.0298492 0.593231
0 0.647286 0.848783 0.0245292 0.022411 0.592356
0 0.192763 0.51305 0.0304575 0.0277741 0.58954
0 0.560188 0.859914 0.0278647 0.0249145 0.588672
0 0.211447 0.293338 0.0472072 0.0450897 0.588248
0 0.526201 0.789415 0.0372713 0.0343572 0.58645
0 0.200675 0.549612 0.0314369 0.0291268 0.584978
0 0.58963 0.49933 0.0310174 0.0284176 0.584328
0 0.0581191 0.861316 0.071133 0.0649436 0.58195
0 0.0392378 0.983204 0.0708489 0.0371894 0.581886
0 0.126773 0.456712 0.0337708 0.0309535 0.579264
0 0.445702 0.360153 0.026963 0.0247331 0.577708
0 0.00863727 0.755911 0.017297 0.0259566 0.577639
0 0.345853 0.568715 0.0276774 0.0254316 0.576723
0 0.826437 0.936037 0.0488199 0.0472203 0.572903
0 0.761498 0.88695 0.0344077 0.0320932 0.572771
0 0.935353 0.350395 0.0712144 0.0669745 0.572237
0 0.327639 0.869932 0.0398552 0.0391549 0.569755
0 0.887525 0.294123 0.023309 0.0211236 0.568486
0 0.238887 0.472602 0.0277763 0.0258734 0.567627
0 0.563543 0.933497 0.0422888 0.0378207 0.565123
0 0.352408 0.722292 0.0290545 0.0268461 0.565068
0 0.381124 0.620436 0.0260579 0.0234416 0.560798
0 0.561688 0.105907 0.0256591 0.0227608 0.555801
0 0.619328 0.755004 0.0423944 0.040872 0.555029
0 0.728286 0.605513 0.130548 0.12624 0.553595
0 0.0544042 0.397905 0.0281069 0.0256212 0.550765
0 0.458626 0.225858 0.025413 0.0233788 0.550259
0 0.465143 0.853333 0.027186 0.024653 0.547386
0 0.557198 0.712105 0.0265884 0.0243381 0.546831
0 0.333287 0.654453 0.025131 0.0222077 0.546486
0 0.00839077 0.224362 0.0158198 0.0267249 0.545564
0 0.00759851 0.953256 0.014317 0.0518446 0.544589
0 0.0874207 0.46454 0.0279024 0.0257935 0.541904
0 0.524968 0.61254 0.0525326 0.0525903 0.541227
0 0.402959 0.770495 0.0273342 0.0245202 0.538638
0 0.65228 0.9535 0.0426269 0.0399675 0.534956
0 0.255271 0.584612 0.0260504 0.0249883 0.533024
0 0.07405 0.893962 0.0259492 0.0232927 0.531942
0 0.138026 0.424325 0.0318318 0.0299484 0.529532
0 0.989334 0.247608 0.0227278 0.0300181 0.528828
0 0.507259 0.529838 0.0273986 0.025714 0.528025
0 0.605794 0.0238408 0.0400085 0.037912 0.523119
0 0.528342 0.216533 0.04647 0.0452259 0.521658
0 0.711172 0.950184 0.045306 0.0436189 0.521193
0 0.358933 0.769932 0.0232461 0.0206394 0.520967
0 0.0126655 0.822256 0.0259214 0.10069 0.520722
0 0.509589 0.0234955 0.0353491 0.0269208 0.520129
0 0.208121 0.174927 0.0257969 0.0238635 0.519508
0 0.50495 0.026612 0.0334066 0.0307523 0.517778
0 0.556416 0.506461 0.0430332 0.0389164 0.516537
0 0.628098 0.474716 0.0255187 0.0232061 0.51585
0 0.240545 0.896876 0.032077 0.0302306 0.511028
0 0.955658 0.229926 0.031552 0.0296172 0.509798
0 0.255792 0.698825 0.0588185 0.0564429 0.508102
0 0.238352 0.40744 0.0275488 0.0256039 0.496693
0 0.953918 0.340965 0.0380625 0.0367934 0.491285
0 0.154262 0.107288 0.078405 0.0731578 0.490758
0 0.864363 0.757442 0.0269582 0.0250256 0.489036
0 0.168714 0.425093 0.0313787 0.0295338 0.488953
0 0.131597 0.956294 0.0249136 0.0224774 0.485438
0 0.666212 0.229432 0.0271969 0.0250914 0.484692
0 0.518455 0.976901 0.0233035 0.0203441 0.483203
0 0.963045 0.990384 0.0213606 0.0186158 0.480705
0 0.806387 0.0812453 0.061363 0.0573812 0.480132
0 0.824344 0.139631 0.0588702 0.0562553 0.478657
0 0.897269 0.566109 0.164488 0.163218 0.474528
0 0.409497 0.98709 0.0241339 0.0216831 0.473714
0 0.147812 0.904288 0.0238396 0.0211662 0.469177
0 0.528739 0.0471591 0.0277689 0.0261077 0.468648
0 0.83763 0.427365 0.0482079 0.0477636 0.468626
0 0.824081 0.797446 0.0250335 0.0234455 0.465273
0 0.351069 0.421901 0.0313376 0.031095 0.465054
0 0.542262 0.886986 0.0379941 0.0369546 0.464522
0 0.309042 0.00856137 0.033457 0.0155401 0.461915
0 0.871609 0.860602 0.0446725 0.0426979 0.459761
0 0.533487 0.0483726 0.030982 0.0277911 0.458865
0 0.7153 0.504078 0.0362319 0.0356368 0.457512
0 0.226605 0.252607 0.0233656 0.0215982 0.454984
0 0.714744 0.875335 0.0295545 0.0276084 0.45422
0 0.608728 0.915547 0.0269706 0.0250691 0.452022
0 0.808183 0.7134 0.0363455 0.0343807 0.450842
0 0.383583 0.71014 0.0252517 0.0230558 0.449051
0 0.758492 0.793844 0.0269855 0.026567 0.448929
0 0.720064 0.503912 0.0359391 0.0343398 0.448076
0 0.818928 0.65993 0.0521363 0.046809 0.447287
0 0.128989 0.705082 0.0241992 0.0221256 0.445297
0 0.549562 0.914143 0.0272475 0.0237807 0.443602
0 0.312257 0.254492 0.0239531 0.0222002 0.442134
0 0.307633 0.925371 0.0249068 0.0226765 0.440321
0 0.0411559 0.0267949 0.0217381 0.0189197 0.439065
0 0.206994 0.206074 0.0398392 0.0382007 0.436397
0 0.811096 0.813223 0.0254173 0.0238342 0.432707
0 0.631136 0.742998 0.0344453 0.0335524 0.432603
0 0.565765 0.254485 0.0299747 0.0283471 0.432499
0 0.229347 0.0714378 0.0405659 0.0369032 0.430897
0 0.226367 0.366291 0.0250317 0.023119 0.428443
0 0.328129 0.788058 0.078588 0.0779676 0.425926
0 0.988022 0.72276 0.0253153 0.037219 0.4246
0 0.384965 0.922767 0.0269149 0.0249928 0.422541
0 0.175467 0.399886 0.0247504 0.0239847 0.422132
0 0.820649 0.94748 0.0422889 0.0440412 0.421504
0 0.198019 0.990094 0.0258604 0.0199904 0.416935
0 0.557203 0.500465 0.0388564 0.0366058 0.416691
0 0.890888 0.64497 0.0313412 0.0302783 0.411741
0 0.0809872 0.678938 0.0242854 0.023191 0.410639
0 0.395336 0.478673 0.0649867 0.0638709 0.410605
0 0.012822 0.635043 0.0246254 0.0255349 0.409904
0 0.847785 0.461769 0.0483425 0.0477032 0.408293
0 0.193994 0.25232 0.0264076 0.0243258 0.407
0 0.511228 0.32596 0.046117 0.0451636 0.403338
0 0.410012 0.924336 0.0238789 0.0219078 0.403333
0 0.536025 0.807473 0.0354838 0.0335091 0.401534
0 0.589842 0.566534 0.0329998 0.0323913 0.395976
0 0.787282 0.25829 0.0256265 0.024799 0.393445
0 0.816494 0.810533 0.0255342 0.0238155 0.392221
0 0.568959 0.836863 0.0244325 0.022801 0.38032
0 0.471898 0.750186 0.0240644 0.0225245 0.380172
0 0.115417 0.838287 0.0236004 0.0217949 0.378864
0 0.619518 0.67942 0.0519884 0.0493826 0.376494
0 0.61945 0.946352 0.0290591 0.0272311 0.376025
0 0.407982 0.769288 0.0277712 0.024954 0.375217
0 0.149143 0.407266 0.0647432 0.0671127 0.374307
0 0.853115 0.356263 0.034161 0.0328656 0.371368
0 0.583036 0.0829173 0.0280964 0.026361 0.370646
0 0.712325 0.39658 0.0290844 0.0282206 0.369803
0 0.528777 0.841771 0.0295274 0.0291827 0.368322
0 0.117366 0.459237 0.0320775 0.0294615 0.367657
0 0.487426 0.100686 0.0281076 0.0248103 0.367226
0 0.0768036 0.86854 0.0482682 0.0437263 0.367172
0 0.827973 0.890306 0.0462952 0.0462396 0.360763
0 0.987697 0.581491 0.0264302 0.0503198 0.360479
0 0.811128 0.0499105 0.0207738 0.0188489 0.359405
0 0.354476 0.0993811 0.167726 0.166269 0.358988
0 0.690065 0.774185 0.0601147 0.0561682 0.356192
0 0.58535 0.230028 0.0313908 0.0301655 0.354608
0 0.687621 0.0441912 0.109435 0.0918251 0.352776
0 0.676253 0.906219 0.0235487 0.0212673 0.351715
0 0.355304 0.914443 0.0316517 0.0291616 0.350701
0 0.379894 0.394319 0.0241322 0.0221135 0.349514
0 0.692523 0.0477894 0.131996 0.100813 0.345378
0 0.459801 0.788093 0.0235134 0.021897 0.341792
0 0.655727 0.582162 0.023195 0.0222373 0.341241
0 0.610464 0.399527 0.0298936 0.0281295 0.337891
0 0.993825 0.346653 0.0115947 0.0260777 0.334081
0 0.129116 0.268619 0.0347602 0.0330291 0.334019
0 0.48928 0.275565 0.0232117 0.0221663 0.331679
0 0.723057 0.466714 0.0271976 0.0263596 0.326576
0 0.195306 0.248661 0.0269739 0.0248776 0.326304
0 0.335987 0.626082 0.0240961 0.0221647 0.325691
0 0.178836 0.341481 0.0290374 0.0280405 0.324794
0 0.504934 0.705758 0.0235032 0.0221173 0.320569
0 0.361008 0.397327 0.0216967 0.0203194 0.317472
0 0.99042 0.626979 0.0189569 0.0319337 0.314547
0 0.929768 0.937746 0.0308406 0.0301131 0.313211
0 0.861897 0.259947 0.0247968 0.0237031 0.313163
0 0.594878 0.71493 0.0449909 0.0442036 0.312648
0 0.892754 0.945232 0.0263588 0.0251566 0.309029
0 0.146418 0.482737 0.0280885 0.0276101 0.302507
0 0.111415 0.759255 0.0324857 0.0315357 0.299024
0 0.382913 0.200441 0.0226321 0.0205721 0.298266
0 0.902327 0.920214 0.021621 0.0206339 0.293048
0 0.33341 0.335648 0.0242065 0.0229052 0.292056
0 0.143135 0.502924 0.0259497 0.0258001 0.291082
0 0.642298 0.897476 0.0272336 0.0258518 0.286896
0 0.353245 0.50743 0.0229747 0.0214108 0.283651
0 0.114198 0.353683 0.0213505 0.0202267 0.28121
0 0.130306 0.129341 0.0212918 0.0198598 0.27296
0 0.28641 0.544945 0.022812 0.0218619 0.264373
0 0.547792 0.736227 0.028877 0.0276568 0.240549
0 0.22378 0.042029 0.0797417 0.0793242 0.234492
