0 0.114328 0.236552 0.10076 0.0943066 0.812838
0 0.918333 0.952095 0.0386959 0.0359223 0.79541
0 0.949516 0.0548488 0.0728463 0.0675176 0.793821
0 0.0474555 0.975654 0.0446445 0.0415252 0.793538
0 0.647899 0.719817 0.0930511 0.0864049 0.789479
0 0.2515 0.861499 0.0674054 0.0596879 0.776235
0 0.898845 0.754151 0.0579509 0.0553735 0.774764
0 0.837741 0.952941 0.044796 0.0406159 0.774186
0 0.0485063 0.822617 0.0438858 0.040807 0.771513
0 0.957512 0.653954 0.0358351 0.0326914 0.769725
0 0.706565 0.109943 0.0571713 0.0533128 0.767695
0 0.100597 0.846357 0.0387763 0.0351794 0.766633
0 0.984998 0.604488 0.0315487 0.0345205 0.765855
0 0.637075 0.985596 0.0460857 0.0298507 0.757495
0 0.378545 0.566134 0.0657789 0.0623728 0.754793
0 0.0156836 0.719581 0.0336566 0.0387139 0.749481
0 0.771328 0.678133 0.06585 0.0616945 0.747075
0 0.673525 0.336083 0.0859799 0.0822075 0.746203
0 0.459043 0.759892 0.0510303 0.0482032 0.745578
0 0.110721 0.41352 0.075552 0.0729631 0.744407
0 0.767702 0.978414 0.041101 0.0374113 0.7439
0 0.868685 0.580023 0.0451267 0.0430714 0.74296
0 0.606544 0.0266299 0.0386869 0.0338852 0.740611
0 0.865748 0.657868 0.0614991 0.0574974 0.738641
0 0.896962 0.367866 0.070194 0.0672144 0.737172
0 0.66532 0.940284 0.0526716 0.0495031 0.736553
0 0.799841 0.405998 0.0448142 0.0422018 0.735579
0 0.5585 0.863077 0.0492333 0.0442208 0.727997
0 0.359655 0.211892 0.0478899 0.0446452 0.72654
0 0.13634 0.962165 0.0304466 0.0267851 0.726112
0 0.457196 0.887082 0.0348581 0.0312725 0.724802
0 0.410846 0.662015 0.0495685 0.0466737 0.723971
0 0.898837 0.473548 0.038896 0.0350425 0.721035
0 0.920913 0.818217 0.0307227 0.0278751 0.719194
0 0.100876 0.146069 0.0326387 0.0294927 0.719054
0 0.670586 0.235215 0.0388728 0.0355403 0.718011
0 0.582362 0.93103 0.0478294 0.044993 0.717909
0 0.601322 0.104561 0.0504246 0.0475815 0.717516
0 0.975855 0.270755 0.034681 0.0325788 0.714346
0 0.701896 0.828505 0.0330882 0.0298302 0.712282
0 0.044157 0.876439 0.0318636 0.0301797 0.7121
0 0.330207 0.618348 0.0463443 0.0438803 0.712009
0 0.0965456 0.947596 0.0445926 0.0416662 0.711056
0 0.833514 0.0697816 0.0305053 0.0270631 0.710879
0 0.355491 0.294907 0.0432417 0.0401722 0.710294
0 0.263876 0.389254 0.0425184 0.0403402 0.708688
0 0.349867 0.992144 0.0384784 0.0159731 0.705853
0 0.786929 0.132721 0.0317514 0.0291927 0.704731
0 0.739406 0.263855 0.0368761 0.0335461 0.704002
0 0.458027 0.164911 0.0344952 0.0307403 0.703146
0 0.0136962 0.97704 0.0295582 0.0432986 0.701581
0 0.864329 0.312851 0.045719 0.0413835 0.69991
0 0.534657 0.75591 0.0374116 0.0332369 0.699314
0 0.0712126 0.0293471 0.114124 0.0627524 0.696533
0 0.975069 0.456009 0.032684 0.0306196 0.692047
0 0.334339 0.416794 0.0350183 0.0310802 0.691292
0 0.699735 0.780342 0.0890806 0.0881743 0.686289
0 0.752254 0.0645204 0.0497987 0.0474887 0.683892
0 0.0247771 0.947355 0.0262192 0.0245482 0.681936
0 0.527976 0.369881 0.0425436 0.0393702 0.681884
0 0.799128 0.744038 0.0536435 0.0508202 0.679412
0 0.212072 0.793654 0.0283851 0.0257107 0.676905
0 0.333871 0.324701 0.0325409 0.0293638 0.675941
0 0.670266 0.381866 0.0362539 0.0332369 0.674249
0 0.729045 0.910727 0.0342516 0.0308818 0.673461
0 0.196057 0.290372 0.0343931 0.0315613 0.673097
0 0.775663 0.025334 0.0354259 0.0325025 0.669704
0 0.472482 0.916893 0.0298907 0.0274035 0.66675
0 0.0136063 0.791179 0.0249677 0.0236756 0.666645
0 0.0353174 0.649975 0.0295985 0.0274556 0.663728
0 0.59578 0.977915 0.0479937 0.0416579 0.663306
0 0.88219 0.4421 0.0311482 0.0289721 0.663129
0 0.478501 0.408342 0.0374076 0.034025 0.662889
0 0.948805 0.16456 0.0339274 0.0308249 0.659834
0 0.74629 0.642079 0.0450003 0.042509 0.653432
0 0.178664 0.962732 0.0282306 0.0248396 0.653427
0 0.46026 0.648448 0.0343388 0.032107 0.648487
0 0.698665 0.416179 0.0340449 0.0306699 0.6483
0 0.395685 0.394313 0.0332186 0.029595 0.647534
0 0.849625 0.757883 0.0288312 0.0263191 0.646662
0 0.298053 0.654808 0.0337561 0.0307102 0.646502
0 0.440838 0.310746 0.0439419 0.0410064 0.645646
0 0.988863 0.361542 0.0225011 0.0288634 0.645547
0 0.767185 0.914896 0.0301465 0.0277752 0.640665
0 0.428446 0.266092 0.0301679 0.0278156 0.639722
0 0.132527 0.69572 0.0304789 0.0279683 0.638362
0 0.747307 0.867715 0.0318624 0.0288359 0.637791
0 0.00896166 0.352556 0.0168328 0.0433792 0.637484
0 0.42215 0.142823 0.0308037 0.027941 0.636629
0 0.852643 0.225284 0.0273721 0.0244526 0.635009
0 0.365959 0.397451 0.029291 0.0268288 0.632412
0 0.41906 0.371764 0.037645 0.0340809 0.630474
0 0.322203 0.748748 0.0478818 0.0459243 0.628898
0 0.244957 0.269848 0.0722417 0.0720844 0.628595
0 0.534214 0.423285 0.0302042 0.0277072 0.62736
0 0.163978 0.691168 0.054672 0.0521159 0.624804
0 0.44289 0.410095 0.0382543 0.0355481 0.624577
0 0.815589 0.816746 0.0995274 0.0992144 0.62384
0 0.773958 0.318417 0.0490373 0.0465534 0.62338
0 0.795343 0.234552 0.0288539 0.0262571 0.623094
0 0.228836 0.388701 0.0309398 0.0284559 0.621638
0 0.927555 0.115416 0.0276661 0.0250877 0.620105
0 0.0113178 0.1289 0.02339 0.0694371 0.617891
0 0.346552 0.873289 0.0314569 0.0281174 0.617073
0 0.284133 0.942097 0.0442115 0.0424492 0.61591
0 0.330849 0.493963 0.0285259 0.0265731 0.612527
0 0.546451 0.102067 0.0358409 0.0343098 0.610076
0 0.452762 0.450512 0.0487945 0.0479425 0.609106
0 0.949443 0.407732 0.0271391 0.025312 0.608094
0 0.0760758 0.283168 0.027754 0.0258291 0.605191
0 0.494248 0.00898637 0.0277454 0.0175165 0.600534
0 0.904671 0.860542 0.0626817 0.0580206 0.596017
0 0.516768 0.0518284 0.0320266 0.028613 0.595163
0 0.0802283 0.868091 0.0271493 0.0245793 0.593942
0 0.799293 0.275121 0.027164 0.0248605 0.591394
0 0.210788 0.369415 0.029419 0.0271075 0.585847
0 0.524288 0.907275 0.0272098 0.0236391 0.583129
0 0.806675 0.799284 0.0608277 0.0579267 0.575126
0 0.32429 0.158534 0.0265455 0.0238413 0.573163
0 0.464338 0.121221 0.0522816 0.0493951 0.570876
0 0.684132 0.659983 0.0334982 0.0314236 0.567411
0 0.472248 0.325025 0.0270943 0.0244429 0.565839
0 0.983116 0.104944 0.0365666 0.0540106 0.565503
0 0.88144 0.29227 0.0267303 0.0248306 0.559449
0 0.929659 0.70993 0.0276035 0.0257715 0.558741
0 0.415775 0.427545 0.0276054 0.025376 0.555706
0 0.862662 0.906223 0.0610213 0.0581992 0.554432
0 0.524829 0.207698 0.027536 0.0249794 0.549031
0 0.325126 0.747077 0.046631 0.0454293 0.547384
0 0.0164311 0.0616376 0.0329187 0.0532376 0.545585
0 0.700695 0.775275 0.0863674 0.0885675 0.538626
0 0.161267 0.31678 0.0300617 0.0281032 0.535695
0 0.861133 0.910945 0.0620173 0.0572919 0.534015
0 0.920989 0.893534 0.0251489 0.0227938 0.533121
0 0.409489 0.71432 0.0266484 0.0239918 0.532043
0 0.495912 0.0748412 0.028456 0.025384 0.529271
0 0.987823 0.99349 0.0262423 0.0122398 0.527326
0 0.711933 0.98501 0.0406718 0.031129 0.522416
0 0.705988 0.542672 0.167733 0.165636 0.521633
0 0.378214 0.618387 0.0264325 0.0235019 0.519177
0 0.181169 0.259647 0.0297299 0.0283068 0.519091
0 0.200873 0.235903 0.0250849 0.0230742 0.517262
0 0.0958225 0.794835 0.0306688 0.0296017 0.515094
0 0.686012 0.286763 0.0274824 0.0245947 0.513075
0 0.910035 0.397883 0.0298611 0.0271434 0.512682
0 0.149101 0.164332 0.0400869 0.0398045 0.510554
0 0.354387 0.127653 0.0248888 0.0220764 0.509804
0 0.977117 0.956066 0.0234789 0.0214608 0.506857
0 0.0151783 0.603014 0.0255093 0.0243464 0.504219
0 0.72897 0.298243 0.0254413 0.0236276 0.503123
0 0.453008 0.381397 0.027997 0.0259434 0.493363
0 0.882552 0.984753 0.0707431 0.0333685 0.492895
0 0.00739941 0.265395 0.0139003 0.0260655 0.492165
0 0.743999 0.393624 0.0820335 0.0825328 0.489343
0 0.480178 0.81522 0.0285818 0.0256795 0.489107
0 0.294462 0.735801 0.0256401 0.02382 0.484039
0 0.538063 0.539664 0.106146 0.0966876 0.476851
0 0.0160079 0.0560736 0.0320586 0.0578852 0.476282
0 0.48827 0.881096 0.0319968 0.0296613 0.476237
0 0.850828 0.345647 0.0305873 0.0285274 0.47404
0 0.832806 0.200137 0.0285277 0.0269543 0.472293
0 0.292779 0.0644493 0.158448 0.132115 0.471711
0 0.128744 0.542434 0.0239233 0.0225741 0.469435
0 0.236617 0.241272 0.0367166 0.0347771 0.462839
0 0.0881752 0.794988 0.0305659 0.0290165 0.456928
0 0.692652 0.900214 0.0362378 0.0337968 0.450984
0 0.283384 0.336499 0.0448426 0.044097 0.446345
0 0.346004 0.664355 0.0392129 0.0364723 0.44489
0 0.901527 0.398401 0.0287573 0.0257193 0.444836
0 0.860683 0.0934717 0.0275437 0.0247093 0.444655
0 0.285063 0.552089 0.0253739 0.0234201 0.443492
0 0.00854169 0.660131 0.0168352 0.0732783 0.442405
0 0.664817 0.179893 0.0314183 0.028936 0.442049
0 0.631807 0.140886 0.117074 0.109788 0.44069
0 0.723139 0.696905 0.0331951 0.0312208 0.439138
0 0.669306 0.913722 0.0244614 0.0215747 0.437418
0 0.00737772 0.835445 0.0134519 0.047156 0.435467
0 0.984671 0.423131 0.0275929 0.0280135 0.431483
0 0.824827 0.146709 0.0255249 0.0240594 0.426654
0 0.83693 0.349793 0.0503926 0.048746 0.425471
0 0.0891821 0.947354 0.0416433 0.0396993 0.424959
0 0.502895 0.444233 0.0438387 0.0430632 0.4231
0 0.315071 0.376939 0.0252599 0.0228989 0.421992
0 0.266219 0.199338 0.0251589 0.0233789 0.419791
0 0.805199 0.965461 0.0245349 0.0221792 0.419478
0 0.56822 0.274738 0.040723 0.0382797 0.416567
0 0.190082 0.147252 0.0252024 0.0230831 0.414094
0 0.393125 0.501151 0.026414 0.0244985 0.410186
0 0.179088 0.402762 0.0536258 0.0511917 0.404321
0 0.515579 0.773751 0.0287269 0.0269324 0.404159
0 0.24165 0.439187 0.024371 0.02211 0.40374
0 0.243816 0.747481 0.0427073 0.0404876 0.402441
0 0.983044 0.401792 0.0364441 0.0547973 0.397043
0 0.0723747 0.894777 0.0261757 0.0249426 0.393333
0 0.650779 0.811551 0.0247463 0.0228668 0.392218
0 0.800096 0.973049 0.0263867 0.0245264 0.391566
0 0.787802 0.872959 0.0238786 0.0210092 0.390642
0 0.989462 0.549077 0.0197679 0.0225501 0.387665
0 0.502725 0.245605 0.028217 0.0263927 0.378222
0 0.162433 0.879006 0.0241651 0.0219954 0.377888
0 0.926287 0.521378 0.113523 0.110925 0.370437
0 0.784788 0.877558 0.0239036 0.0217466 0.368785
0 0.0102238 0.850385 0.0190882 0.0534511 0.368602
0 0.978189 0.704728 0.0231308 0.0216628 0.365238
0 0.493529 0.872599 0.0353385 0.0340846 0.364814
0 0.0764321 0.51855 0.0400875 0.0383557 0.364696
0 0.588936 0.357204 0.0559556 0.0529795 0.364148
0 0.665287 0.0520291 0.0242146 0.0219095 0.361688
0 0.569135 0.0280992 0.0274646 0.0237335 0.359975
0 0.629895 0.144007 0.119075 0.11506 0.359415
0 0.819379 0.107151 0.0235023 0.021503 0.356493
0 0.42509 0.906157 0.234734 0.197408 0.35554
0 0.457765 0.527367 0.0246508 0.0231674 0.35135
0 0.0269266 0.223359 0.0604769 0.0761792 0.35105
0 0.523203 0.0771137 0.0250235 0.0234853 0.35066
0 0.457663 0.489443 0.0235422 0.0216543 0.347399
0 0.708369 0.746401 0.0478811 0.0465621 0.347311
0 0.688564 0.0436156 0.0247223 0.0226626 0.347024
0 0.448898 0.72945 0.0256036 0.0236067 0.344636
0 0.530314 0.901712 0.0258788 0.0237249 0.344113
0 0.68016 0.0725205 0.0241349 0.0223173 0.343848
0 0.932449 0.255011 0.135763 0.138214 0.34383
0 0.942648 0.867793 0.0238917 0.0223314 0.34051
0 0.645897 0.81565 0.0245233 0.0226306 0.335063
0 0.695689 0.0704602 0.028298 0.0261474 0.334872
0 0.323099 0.35613 0.0264435 0.0244927 0.333864
0 0.886459 0.0265418 0.0217047 0.0189146 0.327469
0 0.655325 0.458786 0.026002 0.0250179 0.32674
0 0.165211 0.873932 0.024774 0.022663 0.326476
0 0.317797 0.209597 0.0284686 0.0274805 0.325002
0 0.225198 0.683414 0.030556 0.0294433 0.314228
0 0.923318 0.86799 0.0457642 0.0403965 0.310177
0 0.69267 0.284668 0.0285232 0.0263723 0.308411
0 0.129157 0.0841211 0.185616 0.158993 0.308384
0 0.264036 0.904205 0.0249652 0.0218726 0.308313
0 0.343284 0.877992 0.0296636 0.0277867 0.307863
0 0.31012 0.377738 0.0252075 0.0240973 0.306641
0 0.159958 0.822277 0.0952124 0.104927 0.306384
0 0.127387 0.385644 0.0416959 0.0402293 0.303595
0 0.315456 0.794772 0.0307817 0.029802 0.301375
0 0.29531 0.658459 0.0327578 0.029909 0.300471
0 0.0272907 0.213275 0.0609317 0.0770484 0.300035
0 0.474323 0.704315 0.022902 0.0210687 0.298545
0 0.957424 0.758266 0.0316447 0.0308918 0.296879
0 0.927201 0.521582 0.133227 0.13756 0.29679
0 0.551993 0.16461 0.0251346 0.023849 0.296219
0 0.638585 0.365312 0.0247242 0.0238868 0.293721
0 0.449897 0.241332 0.0238619 0.0223258 0.291113
0 0.521009 0.281532 0.0230563 0.0222445 0.289858
0 0.0158317 0.715689 0.0326607 0.0383868 0.289739
0 0.605299 0.95646 0.0245405 0.0227257 0.288557
0 0.114638 0.388963 0.0389936 0.0375645 0.287819
0 0.492633 0.659169 0.0216044 0.0205244 0.286498
0 0.483537 0.840643 0.0234188 0.0212392 0.284218
0 0.254585 0.754537 0.0266517 0.0258784 0.283607
0 0.0524067 0.559908 0.0295029 0.0285662 0.281188
0 0.296958 0.396262 0.0261635 0.0247985 0.27904
0 0.991378 0.493198 0.0174892 0.0377032 0.277856
0 0.464807 0.0570561 0.186495 0.118821 0.273256
0 0.662013 0.454459 0.0290284 0.0276349 0.26299
0 0.0391572 0.209624 0.0728419 0.0877603 0.260991
0 0.37122 0.477541 0.0307556 0.0301316 0.259949
0 0.944554 0.0147426 0.0455434 0.0312727 0.259606
0 0.925846 0.679704 0.0243483 0.0235765 0.258983
0 0.62739 0.876544 0.0794036 0.0775205 0.256022
0 0.788376 0.0753791 0.0236839 0.02225 0.255775
0 0.511287 0.52893 0.0261164 0.0250331 0.252083
0 0.337612 0.66611 0.0423796 0.0415837 0.249809
0 0.4723 0.273682 0.0236465 0.021979 0.249475
0 0.821969 0.217359 0.0240128 0.0230156 0.246343
0 0.565685 0.0364091 0.0269581 0.0259167 0.239696
0 0.566365 0.990721 0.0227594 0.0179921 0.239489
0 0.381204 0.206828 0.0323545 0.030674 0.234627
0 0.692306 0.657879 0.0334212 0.0312326 0.23296
0 0.0400213 0.290889 0.0727609 0.07451 0.232707
0 0.569417 0.650056 0.0240816 0.0230211 0.232473
0 0.95979 0.837325 0.0226887 0.0213802 0.231921
0 0.011933 0.485029 0.0236904 0.0314913 0.229766
0 0.147576 0.0111864 0.0271965 0.0215881 0.222739
0 0.26151 0.976605 0.0280926 0.0264087 0.22262
0 0.104011 0.353156 0.0250606 0.0245499 0.222618
0 0.189823 0.884683 0.0357978 0.0353831 0.221442
0 0.0581187 0.026406 0.112068 0.0583245 0.219695
0 0.469586 0.132614 0.0450447 0.0420058 0.216305
0 0.557493 0.269807 0.15311 0.150501 0.214879
0 0.740116 0.959753 0.0242802 0.0225385 0.212724
0 0.926175 0.253331 0.128254 0.129829 0.212376
0 0.0493686 0.414795 0.0310505 0.0306501 0.212064
0 0.761642 0.0536308 0.0451223 0.0434471 0.205915
0 0.433865 0.305661 0.0417742 0.040406 0.205819
0 0.904117 0.690456 0.0224614 0.0216565 0.20331
0 0.00717768 0.756596 0.014178 0.0345484 0.200349
0 0.427263 0.536053 0.0457519 0.0467156 0.199742
0 0.476425 0.194326 0.024418 0.0222458 0.191852
0 0.945741 0.58412 0.029506 0.028985 0.191598
0 0.221525 0.160984 0.0246176 0.0230134 0.190753
0 0.567116 0.863212 0.0491698 0.0458797 0.190389
0 0.774251 0.380004 0.0359491 0.0355231 0.161599
